2375716 2500
52839204 -2000
409602 0
278528 122500
311296 84500
19185952 1000
376833 0
17056000 0
344065 500
19284258 0
2375712 0
278529 1500
344064 14000
376832 10500
311297 500
2375713 500
6668384 0
52708129 1000
409600 -500
278530 0
19284256 -10000
17187072 -500
2375714 1000
6701152 0
52839200 0
42353280 0
409601 5000
52839201 -5000
2408483 500
73811041 0
19284257 1000
2375715 1000
17187073 0
2900004 1000
2932772 500
278536 59000
311304 27500
8700040 500
17187082 1500
802816 0
17088776 500
376840 4500
278537 0
802817 500
2932769 500
409608 78000
278538 0
50742024 1000
8798344 -500
933888 0
18235672 0
17187080 500
311307 500
19808545 500
53887780 0
278544 7500
311312 1500
71648337 -9500
278545 10500
311313 0
4538448 -38000
376848 -29000
344080 -30000
4571216 -38000
71681104 -9500
71648336 -9500
409616 -9500
17187088 4000
71713872 -9500
409617 0
71713873 -10000
53887777 2500
3424291 0
72762433 0
17187089 1000
311320 1500
278552 5000
376856 -101000
278553 2000
4571224 -47500
344088 -38000
311321 500
409624 -9000
71713880 -9500
17187096 500
43401864 -500
17187097 500
71713881 -9500
278564 651500
50742052 11000
8700064 500
311328 11000
278560 6000
17056032 0
17187106 4500
17088800 1000
2375680 1000
35963392 -5500
35930624 3000
8667296 1500
2932744 2000
278561 331500
376864 -9500
17187107 5000
344096 -9500
4538464 -19000
2375681 500
278562 24000
36061696 -11500
17056034 500
409632 0
52839168 -500
17187104 12000
4604000 0
17088802 500
71713889 -1000
278563 40500
50742049 2500
409633 0
311331 500
17187105 2000
19284225 0
802852 2000
6602824 0
2408456 -23000
19185928 -500
35963400 -4000
52740872 -500
2932736 2000
2473992 -500
2408457 500
2932737 500
2506760 -500
52839176 -17000
36061704 -500
19284232 -500
3031040 0
52839177 -3000
51790628 2000
73778257 -19000
73745489 -19000
3457024 0
74761280 0
6668368 -66500
73778256 -19000
73745488 -19000
6635600 -9500
73811024 -9500
74859584 1000
37110272 -1000
1327139 1000
73811025 -10500
19284241 1000
74859585 500
37011976 -500
6668376 -31500
73778264 -19000
73811032 -9500
6701144 -10500
19284248 -500
6570020 0
2408548 0
311360 9500
278592 10500
409666 0
2408544 2000
4472832 8500
344129 2000
376896 500
409667 500
344128 20000
278593 1000
4472833 500
6570017 1000
311361 500
71648256 -9500
2474080 -500
71713792 -19500
409664 481500
2506848 0
409665 81500
73810977 0
69616737 0
2408547 500
8700104 -500
278600 500
311368 23500
4505608 1500
376904 6500
344136 6500
311369 3000
409672 3000
8798408 -1000
409673 0
278608 9000
311376 6000
71648273 -9500
376912 -28500
344144 -162500
4538384 -19000
21315856 -9500
21348624 -9500
278609 500
311377 500
71648272 -500
71681040 -9500
4571152 -19000
72762368 14000
409680 -19500
43401920 -500
21381392 -9500
4603920 -9500
409681 1500
278616 3500
311384 -500
71681049 -9500
376920 -112500
344152 -47500
4571160 -38000
71681048 0
311385 500
409688 -9000
4603928 -9500
71713816 -500
71713817 0
4472868 0
376932 0
278624 203500
8700128 -500
311392 106000
2408512 20000
344161 0
6569984 1000
8667360 500
6602752 0
344160 -6500
376928 -37500
278625 0
73778176 -9500
4472865 1500
2408513 500
311393 0
74826768 -9500
73745408 -9500
73810944 -38000
36061760 2500
21381408 0
2408515 1000
74859537 0
2408520 -10500
6602760 -2500
35963464 -1000
2474056 0
2506824 -1000
6701064 0
36061768 0
73745425 -9500
73778193 -19000
7651328 0
6668304 -95000
6635536 -19000
2408529 500
23445776 0
73745424 -9500
73778192 -9500
74859520 15500
6701072 -19000
73810960 -9500
23478544 -9500
73810961 -9500
74859521 500
6668312 -157000
23445784 0
73778200 -19000
6701080 -10500
23478552 -10500
73810968 0
42222080 -500
9715728 3500
8667136 91000
311424 1000
76923921 -9500
76891153 0
59556616 0
2408608 500
42779144 -3000
42254848 -500
9191432 0
76923920 -19500
8667137 1000
278657 500
76891152 -9500
9191433 2500
9715729 -500
311425 500
42779145 -1000
75908096 -20500
409728 129000
76956688 -9500
42877448 -500
42353152 -500
2506912 0
59654920 -500
26624272 -500
409729 9000
36061857 0
76956689 -500
9191424 44500
25477384 0
8699912 -500
42779136 0
42746368 500
76923929 -19000
9715736 2000
42254856 -500
311432 0
9191425 5000
76923928 -19000
8765448 0
9715737 500
409736 34500
42877440 -2500
8798216 -500
76956696 0
25575688 0
8667146 500
59130632 -2500
26624280 -500
76956697 0
409737 1500
59130633 -500
9715712 1439500
76858368 12000
76825600 3000
75875345 -500
75842577 -500
8667152 0
43270656 2000
43303424 3500
25542928 500
9748481 500
76825601 7500
75842576 -9500
75875344 -9500
9715713 23500
8765456 -9500
76858369 0
25510160 -9500
8732688 -9500
8667153 0
76956672 -1002000
25575696 -500
8798224 -500
75908112 -9500
43401728 -2000
76956673 0
75908113 0
9715720 39000
76858376 500
75875353 0
43303432 -4000
43270664 0
60080904 0
8765464 -10500
9715721 5000
76858377 0
8667161 500
43303433 0
75875352 -9500
76956680 3500
8798232 -500
25575704 0
9715722 0
60179208 -500
75908120 0
9715723 0
76956681 0
8667172 19000
59130660 3000
278688 15000
311456 10500
25444640 0
409762 1000
8667168 0
25477408 0
8667169 500
311457 0
278689 0
409763 2500
8667170 4500
36061824 0
311458 1000
409760 0
59130656 0
75908129 0
409761 0
8667171 12000
59130657 0
311459 0
9191460 -500
42746404 0
2408584 -6500
9191456 0
9191457 13000
42779169 0
59556641 0
2506888 -500
36061832 -500
59654945 -3500
36061833 0
9715748 320000
60179236 -500
9715744 0
76923937 0
9715745 662000
9748513 0
76858401 0
60048161 0
9715746 36500
76956705 0
9715747 11000
60179233 -1000
76891217 -9500
8699968 500
76923985 -9500
9748560 0
2408672 2000
42254912 500
42779208 -1500
76923984 -19000
76891216 -9500
278721 500
2408673 1000
409792 299000
76956752 -9500
2506976 0
76956753 -9500
409793 46500
36061921 0
33964737 500
311496 3000
8699976 -3000
76923993 -9500
278728 500
42746432 1500
42779200 2000
76891224 0
76923992 -19000
8765512 0
42779201 0
42746433 0
409800 46500
76956760 -9500
8798280 0
76956761 -500
33964745 500
76858432 3500
76825664 -500
43303488 3000
43270720 2500
75875409 -500
75842641 -9500
76825665 3000
8732752 -19000
8765520 -9500
76858433 1000
75842640 -9500
75875408 -9500
43303489 1000
76956736 29500
75908176 -9500
43401792 0
76956737 4000
75908177 -9500
43401793 -500
75875417 0
75842649 0
43303496 -500
76858441 500
8765528 -500
76956744 13000
76956745 -6500
75908185 0
278752 38000
311520 5500
8700000 -500
409826 2000
75875425 0
75842657 -9500
8667232 0
409827 3000
8765536 0
278753 0
8732768 0
409824 0
36061888 2500
75908193 -500
36061889 0
409825 0
2408648 -3000
2408649 500
2506952 -500
36061896 -1000
36061897 -1500
2506953 -500
76924001 -9500
76891233 -9500
76825697 3500
76858465 0
76956769 0
69616932 9000
36061988 -2500
21250112 0
409858 0
278784 1000
2408736 0
2474273 500
2507043 0
2408737 0
17055745 500
35930913 500
409856 8000
2507040 500
36061984 -500
23478368 -10500
409857 11500
36061985 -8000
69616929 18500
2408739 500
2507041 0
33964801 0
409866 -500
311560 0
17088520 41500
25477256 0
21282888 500
17580032 1000
409867 500
17154056 1000
409864 591500
25575560 0
33964808 3500
59130504 0
17186824 2000
17711104 0
409865 1000
33964809 0
37110564 500
344337 500
21315664 -95000
344336 -2500
21348432 -38000
377104 -8500
18104321 0
409872 -45000
21381200 -10000
409873 35500
37110561 500
18137096 0
377113 0
21348440 -38000
377112 -29000
344344 2000
409880 -49500
60179080 500
409881 21000
409892 0
67519780 0
33964836 7000
409890 138000
278816 148000
311584 30500
25477280 0
52707840 5000
25444512 0
52740608 -6000
344353 1000
19709960 500
409891 221000
377120 -7500
344352 -9000
21315680 0
52838912 -31000
409888 75500
21381216 -9500
278818 1000
311586 500
36061952 0
409889 1516000
67519777 0
33964833 8500
278819 3000
36061953 0
311587 500
19185672 -17000
23380040 -2500
2507018 500
52707848 500
2408712 -500
35963656 -500
19709952 500
52740616 -2000
19251208 -3500
52838920 -500
36061960 -8500
2507016 -500
19283976 -500
36061961 -4500
53756416 500
20201472 2500
2474257 500
23445584 -28500
23412816 -9500
53887488 3500
2507024 500
53789192 -500
2474265 500
23445592 -52500
23478360 -10500
2507032 -500
17088576 29000
18104400 0
19185760 500
6701344 0
59130560 0
73811233 -47500
25477320 1000
17088584 31000
21282824 500
25575624 -1500
59130568 0
17186888 0
17711169 500
17186889 0
18104384 500
17055824 1000
21315600 -66500
21348368 -28500
17055825 1000
4571408 -9500
4538640 -9500
71714064 -9500
60179136 -500
21381136 -28500
4604176 -9500
71714065 -19000
74859809 -2500
21348376 -38000
17055833 500
17088601 500
71714072 -9500
21381144 -500
60179144 0
71714073 -19000
25444576 500
25477344 -500
19185728 16500
17088608 15500
19284034 500
17055840 5000
17154144 1000
17121376 4500
4571424 0
4604192 0
17186912 1000
74859792 -9500
52838976 1000
71714081 -38000
19185736 -17000
23379976 -2500
52740680 -2500
52838984 -1500
19284040 -1000
73745681 0
73778449 0
23412752 -19000
23445520 -38000
6668560 0
73745680 0
19185745 500
73811216 -38000
6701328 -9500
23478288 -9500
53887552 0
73811217 -38000
53789256 -500
23445528 -113000
6668568 -10500
73811224 -28500
6701336 -10500
23478296 -10500
53887560 0
73811225 -19000
58999296 1000
19185824 1500
59556360 -500
26525712 0
59032064 1000
42779400 -500
26001416 500
25444352 0
76924177 0
59556361 0
76956944 -988000
19284128 0
59130368 -1500
42877704 -500
76956945 -997500
75908353 0
59523584 3000
59556352 2000
25477128 -1000
76924185 0
17088648 2000
59032072 -1000
8700168 0
25968640 0
26001408 500
25542664 -500
76924184 -9500
76956952 -959500
25575432 -500
59654656 -1500
17186952 1000
8798472 0
42353416 -500
76956953 -532000
60047872 2500
60080640 3500
25542672 -9500
25509904 -9500
26525697 500
75908368 -19000
25575440 -500
76956928 0
8798480 0
60178944 1500
75908369 -9500
76956929 0
26525704 0
60080648 -2000
76858632 500
60047880 1000
25542680 -9500
75908376 -19500
76956936 87000
25575448 -500
8798488 0
43401992 -500
75908377 -10500
76956937 79500
75908388 11000
42353444 0
17088672 6500
8700192 0
17055904 7000
8667424 0
17186979 500
52839040 500
75908385 -18500
42353441 -3500
42746660 0
19185800 -2500
42746657 2000
42779425 0
19284104 -500
52839048 -1000
42877729 -2000
76956964 179500
43402020 -1000
76924193 -9500
26525729 0
76858657 0
43402016 0
76956961 -51000
53887617 0
43402017 -1000
25477184 0
25444416 0
59556424 -500
19185888 -2000
26525776 -500
26493008 -1000
17055936 500
19284194 0
59523656 -500
59556425 -500
19284192 -500
59654728 0
19185890 500
52839137 -500
17187009 1000
50741953 0
17088712 3000
25477192 0
59523648 1500
17088713 500
59523649 500
17187016 1500
25575496 0
59654720 -500
59654721 -500
26492992 -500
60047936 0
60080704 500
25444432 500
25509968 -20500
25542736 -9500
60047937 1500
25575504 -9500
60179008 0
60179009 -500
60080712 -1000
25542744 -20000
60179016 -1000
17088736 14000
25477216 0
17055968 16000
17187042 500
25444448 0
25509984 500
25542752 0
52839104 5500
17187040 0
50741985 500
19284161 500
19185864 -5000
19284168 -1500
52839112 -500
26525794 500
53887680 500
2376228 0
19153700 1500
2408996 -500
19252004 -500
19284772 500
279040 84000
2376224 0
19284770 -4000
803336 3500
19252001 -500
836104 1000
19219233 500
2376225 1500
279041 8000
2408993 -500
19284771 -3000
19186465 -500
803337 500
19153697 1500
836105 500
17580809 0
2376226 -10000
19186466 -500
17187584 2000
2408994 0
19153698 500
33964032 1500
19284768 -500
410113 0
2408995 -500
279043 500
19153699 2500
19284769 -2500
19186467 0
2376227 -16000
17187585 0
52838689 500
2900516 2000
279048 2500
410122 0
311816 -10000
803328 3000
33865736 2500
2900513 -500
279049 -5000
2933281 0
311817 -13500
803329 500
377352 -500
311818 0
279050 1000
410120 -1000
42352776 -500
17187592 500
410121 -500
19809057 0
279051 500
50741513 0
3424804 -1000
20267812 500
279056 8000
20267809 1000
71648849 -9500
279057 8500
17187600 2500
17187601 2500
3424803 0
311832 -1000
279064 -4000
1360392 0
279065 -4500
311833 0
410136 0
17187608 6000
17187609 2000
279076 321000
17089316 500
17056548 1500
311844 500
2408964 500
17187620 15500
2408960 -30000
2376192 3500
2900488 -5500
279072 2000
17187618 4500
19186432 3000
2933256 -5000
19153664 500
311840 1000
2474496 -1500
2376193 13000
279073 67000
2900489 -7000
2933257 -2000
17056545 1000
2441728 3500
2408961 500
311841 -2000
17187619 4000
2507264 -1000
279074 27500
2376194 1000
17056546 2000
19284736 1500
36061184 500
311842 0
2408962 1500
410145 -500
279075 20000
17187617 5000
2408963 1000
19284737 0
17056547 2500
311843 500
50741537 2000
2376195 1000
803364 2500
2408972 0
2376204 0
2900480 9000
19186440 -1000
2376200 -27000
2933248 -10000
19284746 -500
35962888 -1000
19251977 0
2408968 -2500
19153672 0
2376201 -32000
17580833 -500
836129 500
803361 1000
19186441 0
2900481 500
2408969 500
19251976 -500
19219208 0
2474504 0
3031552 0
2408970 500
2376202 -1000
19284744 -2000
20333336 -1000
74860120 -10500
2376203 1500
17711905 1500
2408971 -1500
19284745 -1000
1327652 6500
18170660 500
73778769 -9500
2376208 2000
3424768 1000
3457536 -1000
2408976 500
19153680 0
19219216 0
2376209 2500
19251984 0
2408977 500
19284752 3000
73811536 -9500
3555840 0
74860096 1000
19284753 2000
74860097 0
19153688 500
2376216 -3000
19186456 -500
2408984 -4000
3457544 -1000
3424776 0
2408985 -2500
2376217 -2000
19186457 0
19251992 -3500
19219224 1000
73778776 -21000
19284760 -5000
73811544 -10500
19284761 -4500
73811545 -10500
6570532 -500
23380772 0
2409060 0
2376292 500
2441828 0
23479076 500
33865792 500
35962976 500
4473344 12500
6570528 0
2409057 -1500
6570529 -2000
803401 500
2376289 500
2409058 0
410177 3500
2409059 -1000
311880 -12000
279112 3000
344649 500
4473352 1000
279113 8000
2933345 -500
311881 -7500
8700617 0
377416 -500
2900577 500
410184 -1500
42352840 -4500
410185 -1000
311883 0
71648785 0
71648784 0
311896 -1500
279128 500
71648792 -9500
279129 1000
311897 500
71681560 -9500
410200 -500
410201 0
311908 0
4473380 13000
279140 500
6570496 -2500
6603264 -4500
2507330 500
4473376 0
311904 -500
377441 -500
2933321 -500
73778688 -20000
73745920 -9500
279137 500
311905 -1000
2409025 500
73811456 -48500
6701568 0
410208 0
2507328 1000
2376258 500
311906 0
410209 0
21381921 500
311907 -500
2409027 500
6570504 -1000
6603272 -1500
2409032 -1000
35962952 500
23380744 0
6570505 -2000
3457625 -500
803425 500
2409033 -2000
836193 500
2474568 -500
2409034 -500
2376266 500
2507336 -500
23479048 -500
2409035 -5000
2376267 500
2376272 1000
73778705 -9500
73745937 0
74761728 0
7651840 500
2409041 500
73745936 -9500
73778704 -9500
74860032 -16500
2507344 1500
73811472 0
73778713 -10500
2409048 -1000
7651848 0
3457608 0
2409049 -500
73778712 -21000
2507352 -500
73811480 -10500
73811481 0
2409124 -500
8667648 -1500
9191944 -16000
76924433 -19000
58999040 0
9224712 -500
9716240 3500
8700416 -500
76891665 -28500
9191945 -23500
8667649 1500
9716241 8000
76891664 -9500
76924432 -19000
2409121 0
9224713 -500
75908608 -10500
76957200 -9500
2409122 -1000
8798720 -500
410240 1000
42352640 0
8667650 500
26624784 0
76957201 0
8667651 -500
2409123 -1000
410241 1000
9716248 -500
9191936 -2000
25477896 0
9224704 0
8700424 -1000
42254344 -1500
59031816 -500
8667656 -5000
311944 -7500
279176 2000
76924441 -20000
76891673 -19000
9716249 1000
76891672 -19000
76924440 -20000
8667657 -2500
9191937 7000
311945 -7000
25543432 0
26592024 -500
8700425 0
76957208 -9500
410248 -4500
9323008 -500
42352648 -500
59130120 -1000
8667658 0
26624792 -500
25576200 -500
76957209 -10500
8667659 0
410249 -500
33964169 500
75843089 -9500
9716224 238500
76826112 17500
76858880 2500
60047616 0
9748992 -1000
75875857 -500
8667664 0
9781761 500
9716225 39000
76826113 6500
75843088 -9500
76858881 500
75875856 -9500
8667665 0
9781760 3000
9748993 0
76957184 -1114000
60178688 -500
75908624 0
25576208 0
9847296 0
3457698 1000
75908625 -9500
76957185 0
9716236 -500
9716232 3000
75875865 -10500
76858888 0
8667672 0
43302920 500
76826120 0
9749000 -500
9716233 -5000
75875864 -10500
75843096 -9500
8667673 0
76858889 0
76826121 6000
25510680 500
25543448 -1000
76957192 -2000
75908632 0
9716234 500
25576216 -500
60178696 0
9847304 -500
76957193 -1000
9716235 -500
8667684 112500
25445156 500
279204 500
25477924 0
311972 0
25510692 1500
25543460 0
25576228 -500
410276 0
8667680 0
25576226 0
410274 0
2409088 2500
25543457 -500
58999072 1500
25510689 3000
75875873 0
8667681 -2000
25576227 -500
410275 -2000
2409089 1500
25445153 0
311969 -500
8667682 -500
25445154 0
2507392 0
25477922 -500
410272 0
311970 0
279202 0
8667683 -500
25445155 0
410273 -1000
25477923 0
25576225 -500
9191972 101000
2409100 -500
9191968 0
2409096 -2000
2376328 500
9191969 500
25969441 3000
26002209 0
2409097 -1000
9224737 1000
2376329 500
36061320 0
2507400 -1500
26100513 0
2507401 -500
9716260 1500
1327780 500
26559268 500
26624804 0
9716256 -500
76924449 0
76891681 -9500
26624802 0
26559265 500
9716257 56000
76858913 0
26559264 0
26624803 0
76826145 1000
9716258 45000
26493730 0
26526498 0
76957217 0
9716259 47500
26624801 0
26493731 0
2409188 -500
42254400 21000
76891729 -19000
8700480 500
42221632 0
76891728 -28500
76924496 -19000
8733248 500
8766016 500
2409185 -500
76957264 -9500
36061408 0
2409186 -500
76957265 -9500
410305 1500
2409187 0
42254408 5000
76924505 -20000
312008 -3000
76891737 -9500
76891736 -10000
76924504 -20000
312009 -2000
279241 500
9192001 0
76957272 -9500
410312 -14000
33964232 0
42352712 -500
410313 -11000
76957273 -11000
9323073 0
3424996 500
76826176 2500
9716288 3000
9749056 0
76858944 0
75843153 -10000
9781825 500
76826177 3500
76858945 0
75843152 0
9781824 500
9716289 0
9749057 0
76957248 17000
75908688 0
9847360 0
76957249 4500
9847361 0
76858952 -1000
9749064 0
76858953 -500
76826185 4000
75908696 -10500
76957256 -3500
9847368 -500
76957257 -8000
312036 1000
410338 2000
42254432 12000
42221664 1000
2409152 1000
410339 0
312033 500
2409153 1000
2376385 500
279266 0
2507456 500
410336 500
33964256 1000
410337 500
279267 0
2507457 0
33964257 0
2409164 0
2409160 -4000
2376392 500
9224801 0
2409161 -1000
2376393 500
2507464 -500
76891745 -9500
76924513 -10500
76858977 0
76826209 1500
9749089 0
76957281 0
2376484 1000
2409252 -500
2474788 -1000
2442020 1000
69617444 -2000
2507556 -500
2507554 -500
2442017 3000
2474785 -1500
2409248 -500
2507555 -500
2376481 3500
2409249 -500
2409250 -500
2376482 1500
410368 0
50741248 1000
69617441 2000
410369 12000
2507553 -1000
2409251 -1000
2376483 4500
36061473 1000
410378 0
312072 500
17056264 500
25477768 -500
410379 0
2933537 -500
2900769 5000
410376 -14500
59129992 -1000
33964296 500
410377 -15500
3031841 -500
33964297 0
3425060 0
3523364 -500
3490596 500
70666020 6000
3556132 0
3490593 500
3556130 0
410384 1500
3457826 0
60178560 -500
410385 12500
3556129 0
410396 0
312088 1500
377625 -1000
344857 2000
279320 0
279321 0
377624 -500
344856 1500
410392 -31000
410393 -25000
312100 0
279332 4500
25477796 -500
25445028 500
377636 1500
344868 3500
67520292 0
410404 372000
19186176 -33000
410402 -2000
19153408 70500
344865 8500
377633 1500
19710472 -2500
2409216 500
410403 3000
279329 14000
19218944 1000
19251712 -4500
312097 1000
2409217 500
19153409 500
2376449 0
19284480 -2000
279330 2000
25477794 -500
33964320 500
410400 -1000
2507520 5000
312098 0
25445026 1500
410401 -2500
67520289 0
279331 15000
312099 500
33964321 1500
19677696 6000
2507530 -500
19710464 -8500
19186184 -3000
2409224 -1500
19153416 500
2376456 0
3523353 -500
23380552 -500
803617 6000
2376457 0
836385 0
2409225 -1000
19186185 -500
2474760 -500
3523352 -500
19808768 0
69617416 0
19284488 0
36061448 -500
2507528 -1000
2376458 0
3556120 0
934689 500
2507529 0
2376459 0
1327908 0
1426212 1000
1393444 500
1458980 0
24396352 2000
20201984 8000
24429120 500
2376464 0
2442001 1000
20234752 -500
2409232 0
2474769 500
2376465 0
20201985 0
2474768 1000
2442000 0
2507536 8500
19284496 1000
26493602 500
20333056 0
26526370 -1000
24527424 1000
2507537 2500
19284497 500
2474777 -7000
2376472 0
19186200 0
2409240 -1000
2442009 2000
20234760 -500
2474776 -9000
2409241 0
19186201 0
2442008 1000
2376473 0
2507544 1000
19284504 -500
2507545 500
6603556 -500
19186276 0
6701860 1000
73811748 -28500
50610240 500
17187394 500
19186273 0
59130048 1000
19186274 0
73811745 -39000
19186275 -500
25477832 -1000
50643016 1000
19710561 -1500
59130056 -3000
25576136 -1000
74860324 -6500
51658816 0
71714576 -9500
71714577 -19000
74860321 -9500
71714584 -9500
17187417 500
71714585 -38000
25445092 -500
71714596 -19000
52740160 500
23347712 3500
19153472 1000
23380480 -500
19710536 -2000
19284546 -500
19710537 -500
23478784 2000
71714592 0
74860304 -9500
19808840 1000
19153474 1000
25477858 -1000
19284544 500
71714593 -19000
25477859 0
25445091 1000
52740168 -1500
19251785 -500
23380488 -500
19186248 -2000
6603528 -500
19251784 500
19677761 500
19284552 -1500
19186250 -1000
74860312 -9500
19186251 -500
19808833 0
20202048 4000
24396288 500
73778961 0
19186256 500
20234816 500
19153488 500
73778960 0
20267584 500
73811728 -38000
19284560 1500
73811729 -47500
26493667 1000
19186264 -1000
24429064 500
20234824 -500
19186265 -500
73778968 -10500
73811736 -50500
19284568 -1000
19284569 -500
73811737 -42000
25444864 10500
25477632 -2000
26001928 -1000
76924689 0
19284642 0
76924688 0
26001929 -500
76957456 -969000
25575936 -500
19153570 0
19186338 1000
76957457 -731500
59031560 20000
26001920 -1000
25969152 7500
25477640 -1500
42254600 -1000
25444872 1500
76924697 -10500
76924696 -21000
25477641 0
25543176 -500
76891928 0
76957464 -1112500
75908872 0
26100224 0
42352904 -1000
59129864 -500
8798984 0
9847576 -500
76957465 -896000
17187465 500
26493440 3000
26526208 5500
26558976 2000
75908880 -10500
76957440 0
26526210 0
26624512 1500
76957441 0
75908881 -2500
60080136 -500
76859144 -500
26526216 -1000
26493448 500
26526217 0
75876120 0
75908888 -10500
76957448 8500
8799000 -500
26624520 -500
76957449 -25000
75908889 -10500
26526219 0
75908900 -19000
8799012 0
8799010 500
42254624 0
19186304 500
19153536 0
8799011 0
75908896 0
52838528 500
19284608 -500
17089186 500
75908897 -20500
8799009 -1500
19186312 -2500
19153544 1500
26001953 0
25969185 0
19284616 0
9323297 -1500
76957476 -37500
9847588 0
9847586 0
9847587 -500
76826401 0
76957472 0
53887104 0
76957473 -52000
9847585 -500
58998848 1500
59031616 9000
26001992 -2000
25444928 -1500
19284706 500
26001993 -1000
25510464 500
25969225 500
59031617 500
59129920 -500
19153634 0
19186402 0
52838624 500
26100296 -500
17187521 0
59031624 -38500
25477705 -500
25969217 500
59129928 -1000
50741448 0
17187529 500
26100289 -500
26493504 -500
60047424 500
26526272 -500
25444944 0
26559041 0
26559040 -500
26493505 500
60178496 0
26624576 0
26624577 -500
26526280 0
26526281 0
26624584 -500
60178505 500
17056484 500
58998880 1000
59031648 2000
19153600 1000
17187555 0
19284672 2500
50741472 0
25477730 500
17056483 500
19284673 1000
19186376 -3000
26002017 -500
25969249 0
19284680 -1500
26526306 0
2376740 9000
19285284 2000
279552 -500
2376736 500
5620817 0
6669409 0
71647297 1000
279553 12500
2409505 0
19154209 500
2376737 1000
75907200 864000
410625 0
19285281 0
75907201 1000
71712833 -500
75808904 5000
279560 9500
5588057 -9500
279561 4000
312329 0
75907208 -12000
410632 0
68042752 0
67518472 500
71712840 0
410633 0
71712841 0
279572 -7000
3425316 500
377873 -19000
345105 -38000
4539473 -19000
279568 -28500
4572241 -9500
5555264 1000
345104 -20000
279569 -95000
377872 -10000
5555265 3500
5522497 500
4572240 0
7652449 500
76955776 176500
410640 0
410641 0
4605009 -9500
76955777 0
5653569 0
279580 -9000
345113 -28500
4572249 -9500
377881 -38000
279576 -19000
4539481 -9500
377880 -48000
279577 -38000
345112 -28500
4572248 -9500
410648 0
76955784 5500
4605016 -9500
410649 0
76955785 1000
279588 -16000
17089828 0
312356 0
17188132 7000
2376704 0
279584 -500
75808928 4500
4572257 -9500
4539489 -9500
75776160 3000
377889 -9500
345121 0
2409472 500
279585 -24000
312353 0
17057057 2000
17089825 0
7717968 -9500
4605025 0
410657 -500
17188129 10000
75907233 0
2409481 1000
69615624 -500
70139904 0
1328164 2000
6669393 -19000
7652416 2500
7652417 3500
73777232 -9500
5555297 2000
5522529 500
76955809 0
2409500 0
6669400 -9500
2409572 2500
6571044 -19000
4473856 -133000
23446817 -9500
6571040 0
4539392 -76000
4572160 -28500
2409569 1500
6571041 -9500
279617 500
5522449 -9500
75907264 923000
4604928 -9500
71712768 11500
410688 -500
22430992 -9500
410689 7000
75907265 0
23479585 -9500
75808968 -1000
279624 2000
312392 500
5620761 -9500
279625 2000
312393 500
22398232 -9500
71680008 500
75907272 -37500
410696 0
22431000 -9500
410697 0
75907273 0
7619620 0
312404 500
21349649 0
21316881 -9500
345169 -161500
5522432 11500
377937 -28500
4473872 -28500
7717921 0
7652385 0
21316880 0
5522433 1000
377936 -28500
4572176 -9500
345168 -38500
4473873 -85500
21349648 -9500
71647248 -9500
71680016 -9500
21382416 -19500
410704 -9500
76955840 327500
5653504 0
71712784 -9500
67518544 1000
21382417 -10000
410705 -28500
76955841 3000
24528161 500
312412 500
345177 -28500
377945 -38000
21316889 -9500
4473880 -28500
4539417 -9500
21349657 -9500
4572185 -500
377944 -47500
21349656 -19000
5555209 500
4473881 -38000
345176 -19000
21316888 -9500
410712 -9500
21382424 -9500
76955848 1000
71712792 -9500
410713 0
21382425 0
76955849 1500
4473892 -19000
312420 0
377956 0
410724 0
4572193 -9500
21316897 -9500
6571008 -38500
75808992 13000
75776224 16500
73777153 1000
377953 -9500
345185 -19500
4473888 -9500
4539425 -9500
6669312 -66500
6636544 -38000
75907299 0
7717904 0
279649 3500
4473889 -38000
312417 1000
7685136 -9500
6702080 -9500
73809920 5000
24528144 -9500
21382433 -10000
410721 -9500
75776227 0
75907297 500
73809921 0
7717912 -19000
73777160 -500
73809928 -500
5522468 -8000
7619584 4500
7652352 4000
23446801 0
23414033 0
6669329 -9500
6571024 -19000
22365473 0
7652353 1000
23414032 0
6669328 -9500
5555233 0
6571025 -9500
76955875 0
23446800 0
5522465 -7500
73777168 -9500
23479568 -19000
7750656 0
73809936 -9500
23479569 -28500
76955873 0
22431009 0
7652360 500
73777176 -10500
6669336 -9500
23446808 -9500
23479576 -500
73809944 -10500
9716756 0
8668160 -17000
9716752 -19000
75874305 0
76857360 0
9716753 -9500
8766464 -9500
9782288 -9500
8733696 -9500
8668161 1000
75907072 3405500
76955664 5000
8799232 -9500
26625296 -500
76955665 1500
75808776 -2000
76857368 1000
9716760 -9500
75874312 -9000
26592536 -9500
9815064 0
76333057 0
9716761 -19000
75907080 -4500
76955672 0
76431360 37000
26625304 -500
67518600 0
8668180 0
9716736 12000
8733713 -9500
25511185 0
76922881 1500
8668176 -9500
9749504 4500
25543953 0
75841552 -10000
75874320 -20000
9716737 24000
9749505 -500
8766480 0
8668177 -9500
25511184 0
76824577 500
25543952 0
76955648 10710000
75907088 -10500
9847808 -500
25576720 -9500
76955649 500
25576721 -1500
9716744 8500
76857352 1000
8668184 0
9749512 2500
76922889 0
75874328 -47500
9716745 10500
25543960 -9500
8668185 0
76824585 0
76955656 5000
75907096 -10500
25576728 -500
25576729 -9500
76955657 500
8668196 -15500
25445668 500
25576740 0
8668192 0
75808800 0
25511201 -9500
75874337 0
25543969 -9500
75841569 500
75874336 -500
8668193 -8000
25445665 1000
25478433 0
69615744 500
25576737 -1500
75907105 0
9716772 -9000
26494244 0
26625316 0
9716768 -9500
26559777 0
76890145 0
9716769 1500
26494241 3500
26527009 0
76824609 500
76857377 0
9749537 0
70664320 0
26625313 0
76955681 0
75776064 322500
75808832 173000
76857424 0
76824656 2000
75874369 1000
75841601 500
9815121 0
75841600 210000
75874368 108000
69615843 0
9815120 0
75907136 1950000
76955728 0
76955729 500
67518657 0
75808840 -2000
9815129 -9500
75874376 -4500
76300353 500
9815128 0
75907144 -33500
76955736 2000
67518664 1000
76955737 500
76431425 0
76824640 500
76857408 500
9749568 -500
76955714 3500
9716800 2000
76890177 0
76922945 0
75874384 -38000
75841616 -19000
9716801 6500
76890176 -500
76922944 -500
76824641 500
9749569 -500
76955712 859500
75907152 -10500
9847872 0
76955713 4000
76824643 500
9847873 0
8766553 -9500
76857416 500
76922953 1000
76890185 500
75874392 -39000
76922952 0
9749577 500
75907160 -9500
76955720 12000
76955721 1500
75776096 55000
75808864 2500
75841633 500
75874401 0
75874400 -9000
75841632 -8500
69615817 0
76890209 0
76922977 0
9749601 3500
76824673 1000
76857441 0
76955745 0
2409764 0
2508068 0
69615906 500
22365265 -9500
22365264 -9500
69615907 0
2409761 0
22398032 -9500
67518720 0
410881 0
2508065 0
69615905 0
279817 500
22398040 -9500
410888 12500
410889 8500
410900 1000
21316689 -85500
22299712 8500
22332480 2000
378129 -9500
21349457 -10000
70664482 0
24429665 500
22299713 500
21316688 -19000
21349456 -9500
22332481 500
410896 -38000
21382224 -9500
22430784 2000
410897 -48000
21382225 -19000
22430785 2000
17089564 0
21349468 0
410908 500
21316697 -10000
378137 -9500
21349465 -500
21349464 -9500
378136 -9500
21316696 0
410904 -47500
21382232 -9500
410905 -47500
279844 2000
17089572 0
410916 6500
21316705 0
19186688 500
378145 -9500
24495185 -9500
279841 11000
67518755 0
312609 1000
24495184 -9500
70664464 0
410912 -500
24527952 -9500
410913 -40500
67518753 0
69615882 0
24396864 2500
24429632 1000
20202496 1000
24396865 1000
23446608 -38500
22332513 500
23413840 -9500
23479376 -9500
69615888 1000
24527936 2500
24527937 1500
23479384 -9500
6669601 -9500
6636833 -9500
21316608 -104500
21349376 -38000
19154017 0
21382144 -28500
6702369 -9500
19285089 0
73810209 7000
71713025 0
5621017 -9500
22365209 -9500
22397976 -9500
22365208 -9500
71713032 1500
22430744 0
71713033 500
17089620 0
21316625 -19000
22299648 2000
4539665 -9500
4572433 0
22332416 500
21349393 -9500
7652641 0
7619873 1000
4572432 0
21316624 -19000
22332417 1000
21349392 -9500
4605200 -500
4605201 -9500
7750945 0
4572441 -19000
4539673 -9500
21316633 0
21349400 -500
4572440 -9500
4605208 -9500
4605209 -9500
17089636 -9000
17056868 0
4539681 -9500
4572449 -19000
21316641 0
23413760 -19500
23446528 -85500
17089633 0
19186753 500
24462352 -9500
23479296 -9500
4605217 -9500
19285057 0
71713057 17500
73810177 0
24495128 -9500
23446545 -19000
6669585 -9500
6636817 0
24429568 5000
22365217 -9500
23413776 -19500
6669584 0
24396801 2000
5522721 500
5555489 500
23446544 -19000
24429569 0
6702352 -9500
23479312 0
24527872 0
23479313 0
5653793 0
6702353 -9500
6669593 -9500
6669592 -19000
6702360 -10000
6702361 0
26493972 0
75776256 500
25478144 0
25445376 1000
25510912 -9500
26592272 0
25543680 -9500
26559504 -9500
75907328 -500
76955920 324000
25576448 -500
9848080 -500
26625040 -9500
76431624 4000
76955921 80000
9848081 0
75809032 -500
9815321 0
75907338 0
25478152 1000
75874568 -500
26592280 -9500
25478153 500
75907336 -22500
76955928 264500
26625048 0
76955929 34500
75907337 0
76431617 0
26526720 -1000
26493952 23000
8733969 0
25543697 -9500
25510929 0
76955907 0
75841808 -9500
75874576 -500
26493953 500
8766736 0
25543696 -9500
26526721 1000
25510928 -9500
75907344 -1005500
76955904 -500
8799504 -500
26625024 4000
8799505 0
25576465 0
26625025 1500
26526728 2000
76955915 500
25543704 -9500
75874584 -10000
26526729 1000
75907352 -1104000
76955912 786500
8799512 0
76955913 94000
8799524 0
75776288 1500
75809056 1500
25543713 0
75874592 0
75907363 1000
75841824 0
25445409 1500
25478177 0
8799521 0
75907361 24500
76431648 500
76431649 26000
26493988 0
9848100 0
76955938 442500
76955939 388000
26526753 0
9749793 0
76955937 2669500
9848097 -500
26559569 -10500
26592337 0
26559568 -9500
26592336 -500
25445441 1000
26625104 -9500
26625105 -9500
26559576 -9500
26592344 -500
26494016 2500
26526784 -500
25510993 -9500
26526785 1500
26494017 3500
25510992 -9500
26625088 -1500
25576529 -1000
26625089 -1000
26526792 500
26625096 -500
25445476 1000
25478241 1500
25445473 500
26494052 1000
26526817 1000
26494049 -500
2377252 -9000
2410020 -500
19154724 4500
19187492 0
6637156 0
6669924 -10500
19285796 -11500
280064 2000
2377248 0
2410016 500
5588561 -9500
280065 4000
2410017 0
19187489 0
2377249 0
75907712 19000
19285793 -1000
411137 0
75907713 3500
73810529 0
280072 7000
312840 -2500
5588569 -9500
5621337 0
312841 -2000
5588568 -9500
280073 3000
5621336 0
411144 0
75907720 -3500
411145 0
75907721 -5500
71713353 0
3458596 -500
3425828 -500
280084 -7500
7652964 1000
7620196 1500
280080 -28500
4539985 -9500
345617 0
345616 -9500
7652961 -2500
280081 -19000
76956288 82000
411152 0
76956289 2500
280092 -10500
312860 1000
378396 -30500
345628 -19000
4539996 -9500
411164 0
378393 -21000
280088 -71500
345625 -57000
4539993 0
4572761 0
345624 -66500
378392 -101000
280089 -80000
4572760 -9500
5523017 1000
1361417 500
411160 -10500
76956296 -500
411161 0
76956297 -500
280100 -16000
17057572 1000
312868 0
3458580 0
3425812 0
4540004 -9500
4572772 -9500
17188644 8000
411172 -9500
2377216 500
4540001 -9500
280096 -10500
7685713 -19000
75907746 -1000
2409984 500
280097 -29000
17057569 3000
75907747 0
73744960 0
7718480 -28500
2377217 1000
312865 0
7685712 -9500
69616128 -3500
411168 0
73810496 7500
7751248 -9500
411169 -500
75907745 -1000
17188641 1500
73810497 1000
3458588 500
2409996 -500
2377224 -500
7718489 -10500
69517832 -500
69583369 -500
73777737 -1000
2409992 -500
2409993 -1000
73777736 -3500
7718488 -41000
2377225 -500
69583368 -500
70140416 -2000
69616136 -1000
73810504 -2000
73810505 -2500
1361444 500
2410004 1000
1328676 6000
5523044 2500
2377236 1000
76956322 -500
7620160 0
7652928 1500
76956323 1000
7620161 500
3458561 -500
5523041 1000
69616144 0
70664704 2000
76956321 0
2410012 -3500
2377244 -1000
6637148 -9500
6669913 -21000
3458568 0
7652936 -1500
6669912 -21000
3458569 -1000
7652937 -2500
3425801 1000
6637144 -9500
69616152 0
74859080 500
2410084 -1000
6571556 -40000
2377316 500
6669860 -9500
23414564 -9500
6637092 -9500
23447332 -10500
23480100 -10500
4474368 -47500
6571552 0
73777697 -500
5588497 -9500
67519042 0
6637089 0
2410080 0
6571553 -9500
2410081 0
280129 500
5588496 -9500
2377313 500
5522961 0
71647744 0
411200 1500
75907776 11500
411201 2500
75907777 500
75809480 0
312904 -1000
5588505 -9500
5621273 -9500
280137 1000
312905 0
75809481 0
22365976 -9500
5588504 -9500
75907784 -500
411208 0
22431512 0
67519048 500
411209 0
75907785 -6000
7620132 -9500
7652900 0
3425892 500
24430372 0
3458660 -500
7685668 -9500
24463140 -9500
4539924 0
345684 0
24528676 -10000
411220 0
4474384 -19000
5522944 -8000
345681 -9500
4539921 0
4474385 -38000
7620129 -10500
21317392 0
3458657 0
7652897 0
345680 -9500
76956352 45000
21382928 -9500
411216 0
76956353 4000
411217 0
5555724 500
5522956 500
312924 500
345692 -9500
4572700 -9500
4539932 -9500
411228 0
345689 -28500
21317401 -9500
4539929 -19000
4474392 -19000
378457 -10500
5555720 500
4572697 0
5522952 500
4539928 -19000
378456 -95000
345688 -47500
21317400 -19000
4474393 -57000
5522953 0
4572696 0
1361481 500
21350168 -19000
1328713 500
411224 -20000
76956360 -2000
21382936 -9500
411225 -9500
21382937 0
76956361 0
4474404 -47500
312932 -500
280164 500
21317412 -9500
378468 -9500
345700 -9500
21350180 -9500
4572708 -500
4539940 0
21382948 -19000
411236 -9500
7620112 -9500
6571520 -81000
21317409 -9500
7718417 -10000
7685649 -9500
4474400 0
69616194 0
73712128 -1500
73679360 1000
4539937 0
378465 0
345697 0
6669824 -142000
6637056 -28500
75907811 0
73777664 -500
4474401 -10000
312929 0
280161 1000
73744896 8500
7718416 -10500
7685648 -9500
7620113 -9500
24463120 0
6702592 -10500
73810432 -39000
24528656 -9500
69616192 500
411233 0
21382945 -1000
75907809 -1000
2410060 -500
7685660 0
69517896 -500
7620120 -10500
7718425 -30500
73777673 -1500
73712136 -1500
7685657 -9500
7685656 -9500
73777672 -11000
7718424 -30500
73744904 1000
7620121 -10500
24495896 -10500
24463128 -9500
73810440 -500
69616200 -1000
24528664 -9500
73810441 0
5522980 -6000
5555748 0
2410068 500
6669844 0
7652864 0
7620096 -7000
23414545 -9500
6571536 -85500
76956386 1500
23414544 0
76956387 500
6571537 -28500
6637072 -28500
7652865 0
74826240 0
6669840 0
5555745 0
7751168 0
23480080 -9500
69616208 0
74859008 2000
23480081 0
76956385 1500
7751169 0
7652876 -500
2410076 -2500
6571548 -10500
6637084 -9500
6669852 -20000
6571544 -70500
7652872 -9500
6669849 -20000
7620104 -500
23447321 -10500
24430344 -500
23447320 -21000
6669848 -103000
6571545 -60000
7652873 -2000
23414552 -9500
7620105 0
3458633 -500
3425865 0
23480088 -10500
24528648 -1000
23480089 0
9717268 -8000
75776512 1500
8668672 -9500
75809280 2000
75842049 1500
75874817 1000
76300808 0
76333576 -500
9815569 -9500
69616290 0
9782801 0
76825104 500
9717264 -57000
75842048 2000
9815568 -9500
75776513 0
75907587 0
75874816 3500
76333577 -1000
76300809 1000
9782800 -9500
9717265 -38000
8766976 -10500
8668673 1500
75907584 -44500
76431880 -1500
8799744 -9500
26625808 -500
76956176 0
76956177 500
76431881 -3000
75776515 500
69616289 0
75907585 0
9717276 -10500
75776520 1000
75907594 500
75809288 -500
75874825 -1000
76300800 2500
76333568 500
9782809 -9500
9717272 -42000
8668680 -1000
9815577 -10500
75842056 3000
9815576 -9500
76333569 500
9782808 -9500
75874824 -2000
9717273 -50500
76300801 2000
8668681 -500
26593048 -10500
75809289 0
76956184 -500
76431872 -46500
75907592 -2000
26625816 -500
67519112 500
76431873 0
75907593 0
8668692 0
9717252 0
76825088 46000
76857856 44500
9717248 -12000
9750016 3000
8668688 -9500
76890625 1000
76923393 1000
75776528 500
9717249 37000
76923392 24500
76890624 22500
8668689 -9500
9750017 1000
76825089 2000
76857857 0
9782784 -9500
76956160 -99500
9848320 -500
76857858 0
25577232 -9500
76825090 0
75907600 0
75907601 500
9848321 0
76956161 500
9717260 0
8668700 0
8701468 -500
76956170 0
9717256 -8000
8668696 0
76857864 0
76890633 500
76923401 500
9750024 0
76825096 0
75776537 500
9717257 -8000
75809305 -500
8767000 -10500
9750025 -500
76923400 -8000
8668697 0
76857865 500
25544472 -10500
76956168 -2500
25577240 -9500
26625800 0
76857866 0
76956169 -500
75907609 0
25577241 0
8668708 -18000
25478948 0
25446180 1000
8701476 0
25511716 -9500
25544484 -10500
25577252 0
25511713 0
8668704 0
75874849 0
75842081 500
8668705 -10500
25478945 0
25446177 1000
69616256 -1500
25577249 -500
75907617 0
76300833 1500
76333601 0
69616264 -500
76431905 -500
69616265 0
9717284 -39000
26494756 6500
26527524 0
26560292 -9500
26625828 0
9717280 -11000
26560289 -9500
76923425 0
76890657 500
9717281 -10500
26494753 500
26527521 0
9750049 0
76857889 0
70664832 500
76956193 0
26625825 0
70664840 -1500
75907650 2500
76333640 0
9782865 -9500
75776576 3000
76300872 500
76333641 -500
69616355 0
75842112 3000
75874880 2000
9815632 0
75907651 0
9782864 0
76300873 0
76431944 -7000
76956240 0
75907648 0
9848400 0
75907649 500
76431945 -2500
67519169 0
76956241 0
69616353 0
76857944 -500
76300864 1500
9815641 0
75874889 -500
9782873 0
76333632 0
75809352 0
75776584 500
9782872 -9500
9815640 0
75907659 -1500
76300865 1000
75809353 0
75874888 0
76333633 0
76956248 -500
76431936 5000
75907656 -4000
67519176 500
76431937 1500
75907657 -2000
67519177 0
76825152 12500
76857920 500
76956226 1000
75776592 0
9750080 0
9717312 1000
76890689 3000
76923457 500
76890688 11000
76923456 3500
9717313 2000
9750081 500
76956227 0
76825153 2000
76857921 0
76956224 42500
75907664 500
9848384 0
76956225 500
75907665 0
9848385 0
76857928 0
76956234 500
9750088 0
76857929 -500
9750089 -500
9717321 1500
76923464 -2500
76956232 500
75907672 -500
76956233 0
75874913 0
75842145 500
67519203 0
69616320 1500
69616321 0
75907681 0
67519201 0
69518024 -500
76333665 0
76300897 1000
69616328 -500
76431969 0
76890721 500
9750113 0
76825185 0
76857953 0
76956257 0
2410276 0
19187236 -500
2377508 10000
2508580 0
69616420 2500
19285540 0
69616418 -1000
69616419 0
2410273 0
2377505 500
22365776 0
69518113 -500
67519232 0
69616416 0
69616417 -1500
2508577 0
411393 0
22365785 -9500
22365784 -9500
411400 3000
67519240 64500
70140705 2500
411401 7500
67519241 4500
3426084 6500
3458852 0
20235812 500
24430180 0
21317204 0
24462948 -500
3557156 0
70664996 9500
411412 0
70664994 2000
21317200 0
70664995 500
24397409 500
411408 -9500
67519248 0
411409 -9500
67519249 0
70664993 1500
21317212 -9500
21382748 0
411420 -2500
378649 -10500
21317208 -9500
378648 -9500
22300233 1000
411416 -39000
67519256 41000
411417 -41000
67519257 7500
21382745 0
280356 3000
313124 0
21317220 -500
24462932 0
67519268 4000
411428 -37000
21382756 0
17188388 0
67519266 13500
21317217 -9500
24462929 -9500
378657 0
67519267 1000
280353 13000
313121 0
24462928 -19000
411424 -9500
69616384 0
21382752 -9500
70664976 1000
24528464 -9500
67519264 0
67519265 20000
411425 -46500
24528465 -9500
24462940 -9500
69616394 0
69518088 -500
69616395 0
24495704 -21000
2377481 0
69616392 -6000
2508552 0
70664984 0
68043553 500
69616393 0
1328932 0
1361700 0
22300260 500
1460004 0
24397376 3500
20203008 2500
24430144 1000
24397377 2500
69616400 500
23479888 -9500
24528448 500
69616401 0
24528449 500
19187228 500
24430152 -1000
20235784 -500
23447128 -21000
24430153 0
69616408 -2500
24528456 -500
69616409 0
19187300 -500
19154532 500
6670116 -19000
6637348 -9500
23414308 0
23447076 0
73810724 4500
6702884 0
19285604 0
6670113 -9500
6637345 -9500
19187296 0
19187297 -500
22365712 0
73810720 0
6702881 -9500
73810721 -5500
71713544 6000
71713545 1000
7653156 0
7620388 0
24430116 0
7685924 -9500
7718692 -9500
21317140 0
7751460 -9500
74859300 2000
7718689 -10500
4540177 0
21317137 -9500
22300160 0
7685921 -9500
7620385 2000
7653153 0
22300161 0
4605712 -9500
7751457 -10500
4605713 -9500
74859297 1000
17057372 0
21317148 -9500
4540185 -9500
4572953 -9500
22300168 500
21317145 -9500
4572952 -9500
4540184 -9500
21317144 -9500
22300169 2000
4605720 -9500
4605721 0
17057380 500
21317156 -9500
4572964 -9500
4540196 -9500
71713572 32000
17188452 500
4605732 0
4540193 -9500
4572961 -9500
23414272 -85500
23447040 -62000
24462864 -9500
24495632 -9500
23479808 -10000
73810688 500
24528400 -9500
71713569 30500
4605729 -9500
73810689 0
7718681 -9500
24495640 -10500
7718680 -29500
7685912 -9500
24462872 -9500
73777928 -500
73810696 -38000
7751448 -10500
73810697 -7500
5523236 0
5556004 0
24430084 0
5588772 0
23447060 0
23414292 0
5654308 0
72762148 500
24430080 4000
6637329 0
23414289 -9500
24397312 1500
23414288 -9500
5523233 500
23447056 0
6637328 0
6670096 0
5556001 0
22300193 500
6702864 -9500
24528384 1500
6702865 0
5654305 0
19187292 0
23447068 -9500
23414300 -9500
6670105 -21000
24397320 500
24430088 -2500
6637337 -9500
7653128 -500
6670104 -30500
23447064 -31500
6637336 0
6702872 -10500
23479832 -10500
74859272 -500
24528392 -500
6702873 -500
26494484 500
26560020 0
26560017 -500
76333832 -500
76301064 1000
25445888 500
75907843 0
26560016 -9500
25544192 -10500
26592784 -10000
25511424 -9500
25445889 500
76956432 101000
76432136 -39500
9848592 -500
75907840 2000
25576960 0
26625552 -500
76956433 31500
75907841 1500
76432137 -17000
26527260 -1000
26494492 1000
26560025 -500
26592793 0
75907850 500
25478664 -1500
75907851 0
26560024 -9500
26592792 -9500
25478665 -500
9815832 0
76956440 -64000
75907848 -12000
9848600 -9500
26625560 -10500
76432128 0
76956441 -19000
76432129 0
75907849 -12500
25445908 500
26527232 -1000
26494464 5500
25511441 0
76956418 0
26494465 1000
76956416 0
75907856 18000
26625536 -9500
8800016 0
75907857 10000
76956417 0
26625537 0
25478684 -1000
26494476 0
26527244 500
25445916 500
25511449 0
26494472 0
26527240 -1000
76956426 -500
9750280 0
76956427 -500
26527241 -500
26494473 0
25544216 -10500
76956424 -98500
75907864 -1000
8800024 0
26625544 0
76956425 -81500
75907865 -13000
25478692 -500
25445924 0
8701732 0
75907876 64000
8800036 -9500
75907874 8000
25511457 -9500
75907875 -9500
75907873 -33000
8800033 500
76432164 55500
76432161 -44500
26527268 -500
26494500 0
26560036 0
76956452 -4000
9848612 -500
76956450 -17000
76956451 29500
26494497 0
76956448 0
76956449 -34500
9848609 -500
26560081 0
26560080 -500
25445953 500
26592848 -10000
26625616 0
26592857 -10500
26560089 0
26560088 0
26592856 -11000
25478729 -500
26494528 0
26527296 -1000
26494529 -500
25577040 -9500
26625600 500
26625601 0
25445980 1000
26527304 -500
26527305 -500
26494537 0
26625608 -500
25478756 -1000
25445988 -1000
25445985 0
25478753 -500
26527332 -500
26494564 2000
26527329 -1000
26494561 0
280580 -500
2377764 -18500
313348 500
804876 500
2410532 500
19188004 0
837644 1000
378884 0
346116 0
411652 0
19286308 -4000
5589073 -9500
411650 0
280576 533500
2377760 -500
313344 11500
5621841 0
6670433 0
19286306 -1000
346113 0
19253537 -500
411651 4500
280577 245000
19286307 -3500
378880 1500
2377761 0
313345 0
19253536 500
346112 500
2410529 0
17713419 0
411648 8500
280578 56000
2377762 -1000
313346 2500
804874 0
19286304 0
17189120 500
837642 0
2410530 0
2410531 -500
280579 169500
411649 0
2377763 -4500
19188003 0
313347 4500
18237713 0
19286305 -2000
17615115 0
280588 58000
313356 -2000
2902052 -3000
2934820 2000
1361948 0
5589084 -9500
378892 -1500
346124 4500
5621852 0
411660 6500
18237724 0
19810596 0
313352 500
280584 0
804864 79000
411658 0
19810594 -19500
17189130 0
5621849 -9500
5589081 -9500
411659 4500
280585 22000
313353 -1500
19810595 -1000
1361945 0
2934817 -500
804865 500
2902049 0
2902050 -2000
280586 15000
411656 0
935936 0
313354 -5500
19712290 1500
2934818 -2000
19679522 3500
17189128 0
2934819 1500
313355 -8000
280587 17000
411657 -500
19679523 500
2902051 2500
18237721 0
19712291 0
19810593 -500
280596 -5000
3459108 0
3426340 61500
7653476 0
7620708 0
346132 0
378900 -9500
7686244 0
7719012 0
411668 500
20334884 0
378897 0
1329152 112500
313360 0
7653472 500
4540497 -9500
346129 -9500
280592 -9500
20334882 1500
7686241 -9500
346128 0
280593 -9500
5556289 1000
7620705 0
1329153 0
5523521 2000
7653473 1000
3459105 0
20334883 500
411664 0
3459106 0
3426338 -1500
17189136 2000
20203810 0
20236578 0
411665 0
3426339 2500
3459107 0
17189137 2500
1460225 0
20334881 500
280604 -8000
313372 -16500
1361932 0
5556300 500
5523532 500
346140 -19000
378908 -38000
1394700 0
411676 0
17189148 1500
280600 -10500
313368 0
346137 -19000
378905 -9500
1361928 11000
1329160 4500
378904 -10500
346136 -9500
280601 -9500
1361929 0
313369 500
411672 0
17189144 1000
1361930 0
411673 0
17189145 2000
1361931 0
280612 841000
313380 25000
17090852 0
17058084 4500
2934796 -500
2410500 3000
3459092 0
378916 -9500
346148 0
17189156 9500
2410496 -1000
2377728 61500
17189154 1500
313376 -1000
7686225 -9500
280608 0
2934792 -500
2902024 0
17156385 500
17189155 10500
280609 1500
2377729 0
378912 -10500
3459089 0
2934793 -500
2902025 -500
2902026 500
2508800 0
17058082 0
313378 -1000
2934794 -1000
280610 2000
19286272 1000
17090850 0
17189152 500
19712266 0
2410498 0
2902027 0
280611 57000
17058083 7500
313379 3000
2934795 -1000
2410499 500
17090851 0
17189153 20500
20334865 0
804900 105000
3459100 -500
2410508 -500
2377740 0
17582372 0
7686236 -9500
7719004 -10500
17713444 500
2902016 14500
2934784 -1000
19286282 -500
7719001 -10500
17713442 8000
2377736 -1500
2443273 500
2410504 -500
17713443 5500
3459097 0
2410505 500
2377737 -1000
2934785 0
837665 0
804897 0
2902017 500
3033088 0
2902018 1500
804898 6500
17582370 2500
17615138 0
837666 0
2934787 1500
17582371 5500
804899 33000
2377739 0
2410507 0
837667 1500
17615139 0
20334873 0
17713441 2000
1329188 -1500
1361956 0
3459076 0
2410516 500
5523556 0
5556324 0
9750692 0
18139428 0
5621860 -9500
18237732 0
3426304 21500
5589089 -9500
3459072 2500
18237730 0
18172193 0
3459073 500
2410513 1000
7653441 2000
5556321 0
7620673 2500
9750689 0
18237731 0
5523553 0
1329186 0
18106658 1000
3459074 1000
9750690 0
19286288 500
3557376 0
18139426 0
1329187 0
3426307 0
3459075 1000
1361955 0
9750691 0
19286289 1000
3459084 -500
2410524 -1000
2377756 -500
19187996 0
7653452 500
7620684 500
7653448 0
6670425 -10500
2377752 -1000
3491849 0
3459080 -1000
3426312 2000
7653449 -1000
2377753 -500
2410521 -1000
3459081 0
3426313 -500
3459082 500
3426314 -500
3459083 -500
19286297 -500
280644 1500
313412 1000
6572068 -9000
2410596 -1000
2377828 0
804940 500
346180 0
2443364 0
6637604 0
411716 144000
280640 5000
411714 30000
313408 0
4474880 -17500
346177 0
5523472 0
6572064 0
6670369 0
1362001 500
411715 42000
280641 2500
4540416 -9500
6572065 -500
5523473 -9500
1329233 0
4474881 1000
2410593 -500
313409 1500
411712 190500
280642 1500
4605952 0
313410 2500
837706 500
411713 8500
280643 1500
2410595 -500
313411 0
837707 500
804939 1000
313420 -1500
280652 1500
1362012 0
2934884 -500
346188 9000
5621788 -9500
5589020 -9500
378956 500
411724 500
411722 1500
313416 -500
280648 0
5621785 -9500
346185 1000
378953 500
5589017 -9500
22366489 -9500
411723 -500
280649 2000
1362009 500
346184 500
5621784 -9500
1329241 0
313417 -1500
2934881 0
804929 500
313418 -7500
411720 0
280650 8500
2934882 -1000
837698 1000
280651 2000
411721 -500
313419 -6000
2934883 1000
837699 0
2902115 0
804931 500
22432025 0
280660 21000
313428 6000
3459172 1000
7620644 -6000
4474900 -9500
3426404 0
7653412 -1500
346196 -9500
378964 0
3491940 0
24496420 0
7718948 0
411732 -8500
24529188 500
280656 1000
5523456 -3000
346193 -9500
378961 0
4474896 -9500
7718945 -500
24496417 0
5523457 0
4474897 0
346192 -9500
280657 2500
313425 1500
5556225 0
7620641 500
5588992 0
7653409 3500
22300929 500
24430881 0
1361985 0
1329217 0
3459169 0
411728 -9500
1361986 500
3459170 0
3426402 0
411729 -9500
3459171 -500
1361987 0
3426403 0
1329219 0
24529185 -10500
313436 -9500
280668 18500
5556236 1500
4474908 -9500
346204 -9500
378972 -10500
4540444 0
4573212 -9500
411740 -11000
346201 0
313432 0
4474904 0
378969 -19000
1394761 0
1427529 0
5556232 2000
5523464 1000
1361993 500
4474905 -9500
378968 0
346200 0
280665 0
313433 0
21317912 0
22333705 500
5556233 0
9750729 0
411736 0
1361994 0
21383448 0
411737 -500
1460297 0
22432009 0
313444 500
280676 296000
3459156 1500
4474916 -19500
2410564 500
346212 -9500
378980 -9500
6572032 -17000
6604800 0
7620624 -9500
378977 -9500
313440 -500
346209 0
4573217 0
4474912 0
280672 0
7718929 -9500
21317921 -9500
6637568 -9500
6572033 1000
4474913 -10000
7686160 0
7620625 0
6670336 -39000
280673 0
313441 -500
3459153 0
2410561 1000
2377793 500
3426385 0
6703104 0
313442 -1500
280674 4500
2934858 -500
280675 18000
313443 -500
2410563 500
21383457 2000
3426396 0
3459164 0
837732 0
804964 0
2410572 0
7718940 -9500
24463644 -9500
7686172 -9500
3557468 0
24529180 0
7718937 -10500
6604808 -500
7620632 -10500
24496409 -10500
3459161 -500
7718936 -10500
6572041 -1000
7620633 -10500
2410569 500
6604809 500
804961 0
2934850 5500
2902082 0
837730 2000
804962 1000
2410571 -500
837731 1000
24529177 0
2902083 1500
804963 0
2934851 2000
5523492 -4000
1329252 0
1362020 0
22300964 0
7653380 0
2377812 500
1394788 0
1427556 0
22366500 -9500
22432036 -500
7620608 -4000
5621793 0
6572048 -9500
1394785 0
1427553 0
7653376 500
22399265 -9500
5556257 1000
6637584 -9500
2410577 1000
2377809 500
7653377 2000
22300961 0
22333729 0
5523489 500
6572049 -9500
3459137 0
3426369 0
3459138 3000
3426370 0
9750754 0
1329250 0
1362018 0
9717986 0
3459139 1000
1362019 0
9750755 0
1329251 0
22432033 -8500
3426371 0
7653388 1000
2377820 500
2410588 -1000
6572060 -10500
3459148 0
6670364 -10500
24529164 0
2508892 -500
6572056 0
7653384 -500
7620616 2500
3459145 0
6670360 -9500
2410585 -1000
7653385 -1000
24430857 -500
3459146 0
9193484 -1000
9717780 -1500
9750548 0
2410660 0
411780 0
9717776 -19500
9193480 500
9816081 0
8669184 0
8701952 0
9783312 0
8669185 2000
9750545 0
9717777 -19000
9193481 -1500
8767488 -500
8734720 0
2410657 1500
411776 13000
9193482 -1500
2410658 0
411777 17000
9193483 -2000
26626321 0
2410659 0
9717788 -9000
9750556 0
9193476 3500
313484 2000
280716 1000
8669196 0
26528028 500
9816092 -9500
9783324 0
411788 13000
26626332 0
9717784 -500
8669192 0
9816089 0
9193472 9500
9226240 0
9783321 0
26593561 -500
9816088 -9500
9783320 -9500
9193473 14000
9717785 -18000
8669193 -1000
9750553 0
313481 500
411784 0
9193474 2500
9193475 8500
411785 1500
26626329 0
9717764 293500
8669204 0
9750532 0
3459236 0
3426468 500
9717760 896000
8669200 -9500
9750528 0
9717761 641000
9750529 1500
8669201 -9500
3459233 0
9783296 0
9717762 61500
9750530 1000
3459234 0
9717763 81000
9750531 0
3459235 0
9717772 118000
8669212 0
9750540 0
9783308 0
9717768 -3000
8669208 0
9783305 0
9750536 -500
26626314 0
25544985 -500
9717769 -4500
8669209 -10500
9750537 0
9717770 -8500
9750538 -500
9717771 3500
9750539 0
26528011 0
313508 3500
280740 17000
25512228 500
25512225 1000
25544993 -500
2410625 0
313505 -500
313506 500
313507 5500
280739 4000
25479459 0
25970978 2500
26003746 0
25970979 500
9750564 0
26528036 1500
1362084 0
9816100 0
9816097 0
26560801 0
9750561 0
26528033 0
26495265 0
9750562 0
26495266 0
26528034 -500
1362082 0
26495267 0
9750563 0
1362083 0
26528035 0
9750612 0
411844 0
9783377 0
9816145 0
9750609 0
9717841 0
2509027 0
2410721 0
411840 126500
2410722 0
411841 1500
2410723 0
9717852 0
9750620 0
9783388 -9500
411852 21500
9848924 0
9783385 -9500
9816153 0
9750617 0
9783384 -9500
9717849 0
313545 500
411848 0
9226307 -500
411849 0
9783361 2000
9848898 0
9750593 3500
9717825 500
9848899 0
3557603 0
9750594 -500
9717826 2500
3459298 0
3426530 0
9717827 8500
9750595 0
3459299 0
9848897 -500
9750604 500
9750600 0
9783369 0
9816137 0
9750601 -500
1362121 0
9848904 -500
9750602 0
280804 34000
313572 0
280802 3000
313570 3000
280803 19000
313571 -500
2410697 -500
9750628 0
9717860 0
9783396 0
9816164 0
9750624 0
9783393 0
9816161 0
9750625 0
9717857 0
9750626 0
9717858 0
9750627 0
9717859 0
3459273 0
2410788 -500
19154980 0
17582092 500
19187748 -500
2378020 1500
2476324 500
411908 0
2509092 0
19286052 -9500
411906 0
17057792 26000
2509090 0
22366289 -9500
2476321 1000
2410784 0
17614856 0
411907 0
2509091 0
2410785 1000
2378017 1500
2476320 -500
411904 1500
17188864 1000
2410786 500
2509088 0
2378019 2500
411905 5500
2410787 1500
19187747 0
22431825 0
2509089 0
18237457 0
1460497 0
837899 500
18106396 500
1362204 0
2935076 0
2902308 500
22399068 -9500
22366300 -9500
411916 546500
22431836 0
18237468 0
1460508 0
3033380 0
411914 0
17582080 39000
3033378 -500
22366297 -9500
19810338 0
17123337 500
1427737 0
1394969 0
411915 30000
3033379 500
22399064 -9500
18139161 0
2902305 0
2935074 -500
411912 2500
17713152 0
2902306 5000
19712034 0
19679266 0
17582082 1000
17614850 0
313610 -500
2935075 500
411913 7000
22431833 0
2902307 6500
17090571 0
17582083 500
18237465 0
1460505 0
3033377 0
17057812 500
20203556 0
3459364 0
3426596 0
24496228 0
411924 -1500
20334628 0
3557668 0
3492129 1000
3557666 0
21317713 -500
20334626 0
18106368 2000
346385 1000
379153 500
3524897 -500
3557667 0
22300737 3500
18237443 500
18106369 0
346384 0
411920 -9500
18106370 1000
18139138 1000
3459362 0
3426594 1000
20203554 500
18237440 0
411921 3000
3426595 500
21383249 0
18106371 500
3459363 0
24528993 0
22431809 1000
3557665 0
313628 500
18106380 0
26527884 -1000
280860 0
346396 1500
379164 -7000
21350492 0
411932 -35500
21383260 0
17188892 500
22431820 500
18171913 0
18106376 2000
346393 1000
379161 1000
21317721 0
18139144 1000
26527881 0
379160 0
17090585 500
411928 0
411929 -14500
26626185 0
22431817 500
280868 27000
313636 67000
17057828 0
379172 -10000
346404 -6500
411940 0
21383268 -9500
17188900 -500
411938 0
19187712 1500
346401 -500
19712008 0
379169 3500
19154944 1000
411939 0
379168 0
280865 12500
313633 500
280866 0
19286016 0
313634 2500
19712010 0
2509056 500
411936 0
313635 7500
280867 31000
19187715 0
411937 0
17090595 0
20334609 0
2935051 0
3557649 0
24528977 0
17582116 0
3459356 0
805156 1000
24496220 -10500
24528988 -10500
936228 0
19679232 14000
936226 0
19712000 2500
2509066 0
17713186 0
3524889 -500
19187720 0
19810306 500
2410760 0
936227 0
837921 0
805153 0
19810304 0
805154 6000
837922 0
17614882 0
19712002 2500
17582114 0
2509064 0
805155 19500
19187723 0
837923 500
24528985 -10500
17582115 0
936225 0
18106404 0
22300772 0
19154964 500
26527908 0
1394980 0
22431844 0
18237476 0
1460516 0
1460514 0
18237474 0
20203520 0
20334594 0
22300769 1000
1460515 0
26527905 0
24397889 500
20203521 0
20203522 1500
20236290 0
18106402 0
26527906 0
2509072 500
20334592 0
19286033 500
20203523 500
1329443 0
18106403 0
24528961 3000
22431841 0
2509073 500
1362211 0
26495139 0
19154972 500
19187740 -1000
2410780 -500
24528972 0
2410776 0
2476313 -1000
20236296 -500
20203528 2000
2476312 500
2509080 0
20236298 0
19187812 -2000
17582156 500
6637860 0
19286116 0
6703396 0
22366225 -9500
21252096 2500
6670625 -10500
6637857 -9500
17713227 0
18106449 0
21317632 -9500
17057857 1500
18139217 0
21383168 -9500
6703393 0
18106460 0
19712100 -500
22399004 -9500
22366236 -9500
22399001 -9500
5589273 0
5622041 -9500
22366233 -9500
18106457 0
17582145 500
18139225 0
22366232 -9500
17582146 1500
19679330 500
19712098 -500
17614914 1000
17582147 3000
19712099 -500
5654809 0
17713217 -500
17188937 0
22431769 0
20236388 0
7653668 -500
20334692 0
22300672 1000
7719201 -10500
18237506 0
7686433 -9500
17057873 3500
26527937 -1500
18106433 0
18237507 0
7653665 -500
18106434 2500
18139202 1000
20203618 0
20236386 -500
18106435 8000
18139203 2000
18237505 0
7751969 0
20236387 0
17057884 -500
22300684 500
21350428 -500
21317660 0
17188956 0
22300680 1000
4573465 -9500
4540697 0
22333448 500
18139209 500
17057881 0
18106441 0
17090649 0
26495177 0
26527945 0
4606232 -9500
18237513 0
4606233 0
26626249 0
17057892 2500
17090660 -500
4540708 -9500
17188964 0
4606244 0
19286082 0
19810378 -500
4540705 -9500
23382016 500
23349248 0
4573473 -9500
7686417 0
23414784 -9500
20236369 0
20203601 0
19155009 1000
23480320 0
19712074 -500
4606241 0
19712075 0
17582180 500
19187788 -500
24496156 -9500
19810370 500
7719193 0
17713251 500
17614946 1500
17582178 4500
19679298 0
19712066 0
17582179 0
19679299 1000
18106468 0
18139236 0
5556516 500
22300708 0
18237540 0
22399009 -9500
24397824 500
20334658 0
20269121 500
5622049 -9500
5589281 0
18237539 0
20203585 0
5556513 500
19187793 0
19155025 0
5523745 0
20203586 7500
26495202 0
18139234 0
18106466 0
26527970 0
20236354 0
20203587 3500
18106467 0
26527971 -500
5654817 0
19187804 -500
23447580 -500
24397832 1000
24430600 -500
7653641 1000
24430601 -500
26527764 2000
26593300 0
26560529 -9500
25446400 -500
19286178 0
26003464 -500
25479168 0
25970696 500
25511936 0
26593296 0
26003466 -1000
26626065 0
26003467 -500
9849105 0
26495004 500
26527772 -500
9750812 0
26593308 -9500
26560540 0
26626076 0
9849116 0
25970688 24500
26003456 -9500
25479176 0
9816345 0
26593305 -10500
9783577 0
26560537 0
26593304 -10500
26527769 0
25970690 0
26003458 500
17189001 0
9849113 0
26003459 1500
26626073 0
26527748 0
20236452 0
26527744 -500
20334754 0
26494976 2000
26626050 500
26527745 2500
26626051 500
26494977 -500
26527746 -500
26494978 10000
26494979 1000
26527747 1500
26626049 500
26527756 500
26494988 0
26560521 0
26527752 -2000
26494984 -500
26527753 -1000
26527754 -500
18237577 0
26527755 0
17189027 0
17090722 0
19187849 -500
25970722 500
26003490 0
25970723 500
26527780 5000
26495012 0
9750820 0
9783588 0
26593316 0
26527776 500
9783585 0
26593313 -9500
26560545 0
9816353 0
26527777 1500
18237603 0
9750817 0
26527778 5000
26495010 0
9750818 0
18139298 0
26527779 500
26495011 0
9750819 0
20236425 0
26527828 500
26560593 0
19286242 0
26527825 3500
26495057 0
26003530 0
19187938 0
26626129 0
26003531 0
26527836 3000
26495068 0
26560604 -9500
26593372 -500
26626140 0
26560601 0
26101826 -500
26593368 -500
26527833 -1000
26495065 0
17057993 0
17090761 0
26003522 500
25970754 3000
26626137 -500
25970755 2000
17189065 0
26527812 500
26626114 -1500
26560577 500
26527809 1500
26626115 -1500
26495041 2000
26527810 0
26495042 1000
20203746 500
20236514 0
26495043 500
26527811 3000
26626113 -1500
26527820 -500
26527817 -1000
26495049 0
18106569 0
18139337 0
26527818 -1500
26626121 0
26527819 0
18237641 0
17189090 500
17189091 -500
19187905 -500
17090786 500
17058019 1000
26003554 0
25970786 0
25970787 0
26003555 0
26527844 -2000
26495076 0
26560612 -9500
26593380 -10500
26593377 500
26560609 0
18237666 0
26593376 -10000
26495073 0
20236481 0
18237667 0
26527841 0
26527842 -2500
26495074 0
18139362 0
26495075 0
26527843 -500
33966080 12000
52840737 -1500
34916361 500
50743588 1000
36063232 500
50743585 500
37013504 500
37111808 0
37013513 500
43403457 -500
43403465 -2000
42780681 500
42256385 0
42747904 5000
42780672 500
42747905 1000
33966217 0
43304964 0
43304960 3000
43272192 6000
43304961 1000
43272193 2500
43304972 500
43304968 6000
43272200 5000
43304969 -3000
60082441 0
60180745 500
42780705 0
59525409 0
42747937 0
59558177 0
60049700 0
60082468 1000
43304996 -1000
43304993 0
42780745 500
42747969 2000
43305025 7000
43272257 3000
43403329 -500
43272268 500
43305036 -500
43305033 500
43272265 500
43403337 0
35014857 0
33966305 -500
42748001 0
42780769 -500
43272292 0
43305060 0
43272289 0
43305057 1000
35014881 0
36063524 500
50743296 3000
36063521 1500
33966344 0
33966345 0
51660808 500
33966372 500
52840448 500
33966369 6000
53757953 500
51660865 0
51791937 0
59525120 3000
59557888 0
59525121 1500
60082180 0
60049408 10000
60082176 2500
60082177 1000
60049409 1000
60180481 -500
60082184 1000
60049416 6000
60082185 0
43305225 500
60049417 500
43403529 0
60180489 0
42748193 0
42780961 0
59525153 0
43305252 500
60082212 500
43305249 0
43272481 0
59525185 500
60082241 3000
60049473 5000
60180545 -1500
60049484 500
60180556 500
60082249 -1500
50743521 500
59525217 0
59557985 0
60049508 0
60049505 0
67520512 15500
71714880 1000
73812065 0
71714881 2500
68044800 0
76957828 0
76826753 3000
76957824 16000
68569088 0
76957825 60000
68569089 0
76826764 2000
76957836 4000
76826761 1000
76957832 10000
76957833 17000
71649377 -9500
69617664 43500
71714912 0
71714913 -500
70141954 0
73779273 -500
70141952 -2500
73812041 -500
76859556 0
76826788 0
70666242 1000
76859553 0
76826785 0
70666243 500
76859554 0
76826786 1000
70666240 1000
76826787 12500
76859555 0
73812049 0
73779233 -8500
71649281 500
71714816 -13500
75909312 0
73812001 0
71714817 0
68044866 500
71682057 0
68044867 500
71714825 0
76957892 0
76859585 1000
76826817 3500
76957888 7000
76957889 48500
76957900 6500
76826825 3000
76859593 0
76957896 -1500
76957897 -32500
71649313 -9500
73779201 500
73811968 -35000
71714849 0
73811969 0
73779209 -1500
70142018 1500
73811977 0
73779217 -9500
70666306 500
76859618 0
76826850 0
76859619 0
76826851 11000
73811985 0
76859412 5500
76892180 0
76924948 0
76957716 0
76892177 -19000
76924945 -9500
76335113 0
76924944 0
76302345 500
76859409 0
76957713 5000
76433417 0
76859420 1500
76826652 1000
76924956 -9500
76892188 -9500
76957724 0
76924953 -20000
76892185 -19000
76433410 -1000
76335104 500
76924952 -10500
76892184 0
76859417 0
76826649 3500
76433411 -500
76302337 500
76335106 0
76957721 -1000
76433409 500
76302339 0
76826628 0
76892164 0
76924932 0
76859392 0
76957698 -500
76826624 1000
76892161 6000
76924929 1500
76826625 26500
76892160 7000
76957699 3500
76924928 5000
76859393 1000
76957696 0
76859394 2000
76826626 6500
76957697 45500
76826627 18000
76859395 0
76826636 1500
76859404 0
76924940 3000
76892172 4000
76957708 4500
76859400 0
76957706 -500
76826632 500
76892169 4000
76924937 -3000
76892168 4500
76957707 0
76924936 3500
76859401 -500
76826633 3000
76957704 1000
76859402 2000
76826634 2000
76859403 0
76957705 500
76826635 10000
76302369 0
76335138 0
76859428 3000
76826660 24000
76924964 -9500
76892196 -9500
76924961 -9500
76892193 0
76826657 1500
76859425 0
76859426 0
76826658 0
76826659 12000
76859427 500
76826708 500
76859476 500
76925012 0
76892244 0
76957780 500
76925009 -9500
76892241 -9500
76826705 2500
76859473 0
76892240 0
76925008 0
75909184 0
76957777 -10500
76433481 -500
76302411 0
76826716 4000
76859484 3000
76892252 -9500
76925020 -9500
76957788 0
76925017 -10500
76433474 -1000
76892249 -19000
76859481 0
76433475 -500
76826713 2500
76302401 500
76925016 0
76433472 1000
76302402 0
76957785 -1500
76826692 500
76892228 0
76924996 0
76892225 24500
76924993 12500
76957762 2500
76826689 29000
76859457 5500
76957763 500
76892224 0
76957760 94500
76826690 2000
76859458 0
76957761 3000
76826691 3500
76859459 500
76826700 1500
76859468 0
76892236 4500
76925004 1000
76957772 3500
76892233 7000
76957770 1500
76925001 500
76826697 3500
76859465 500
76892232 500
76925000 -500
76957768 29500
76859466 0
76826698 500
76957769 -4000
75843681 0
67520737 0
76302433 2500
76335201 0
76302435 500
76335203 0
76859492 1000
76826724 140500
76892260 -8000
76925028 500
76892257 -9500
76925025 -10000
76826721 12500
76859489 500
76859490 0
76826722 0
76826723 22500
76859491 0
69617956 0
69617954 0
69617955 1500
69617952 0
69617953 5000
70142244 0
70142242 -1000
70142243 4000
67520776 0
70142241 0
70666532 500
70666530 7000
70666531 500
67520784 0
70666529 1500
67520792 0
67520793 0
67520804 3000
67520802 0
67520803 0
67520800 0
67520801 4500
68045092 0
68045090 0
68045091 0
69617928 0
68045089 0
69617936 0
69617937 0
69617944 0
73812260 -10500
73812257 -19000
71715073 0
71715080 0
71715081 0
74860833 -8500
71715096 0
71715097 -9500
71715108 -18500
71715104 0
71715105 -9500
73812225 0
73812232 0
73812233 -1000
72763684 0
73812240 0
73812248 0
73812249 0
76859668 0
76957972 93000
76433674 500
76925201 0
76433675 2000
76957968 0
76433672 0
76957969 -14000
76433673 500
76859676 -500
76826908 0
76925212 -10500
76957980 1000
76892441 -6500
76925209 -20500
75909386 0
76433667 0
76957976 -6000
75909384 0
76957977 -36500
75909385 0
76433665 0
76957956 0
76957954 0
76925185 500
76957955 0
76859649 0
76957952 0
75909392 0
76859650 1000
76957953 0
75909393 0
76859660 500
76925196 500
76957964 162500
76957962 33500
76957963 38000
76859657 0
76957960 109500
75909400 0
76859658 0
76957961 45000
75909401 0
76859659 500
76859684 1500
76826916 0
76892452 0
76925220 -9500
76925217 -9000
76892449 0
76826913 0
76859681 1000
76826914 0
76859682 1000
76826915 0
76859683 1500
