262148 -500
262660 -500
262404 -500
262149 0
274432 0
262912 500
275200 500
262400 5500
262272 -9500
262144 5000
262656 5500
278528 0
278784 500
262145 0
266241 0
266497 500
278530 0
282626 0
283138 -500
262146 0
262658 500
262147 0
262156 0
262412 500
262157 -9500
262152 -500
348168 0
262153 0
262281 0
262537 -9500
262164 -500
262420 500
262165 0
262160 0
262416 500
262288 500
262161 0
262289 0
262180 0
262692 -500
262196 0
262197 -500
262192 5500
262212 0
262468 -500
262213 0
262469 -500
263232 500
274496 0
262336 -10500
266304 0
266432 -8000
262208 -500
262464 -500
262720 0
315456 0
315584 -21000
318656 -52500
315712 500
262209 2500
262977 3500
262337 500
331840 -500
332864 0
333120 500
262211 3000
262979 3500
262221 0
262477 500
262229 0
262485 -500
262240 500
262260 0
262516 -500
